              precision    recall  f1-score   support

           0     1.0000    0.9730    0.9863        37
           1     0.9286    0.9286    0.9286        28
           2     0.9848    0.9774    0.9811       133
           3     0.9867    0.9737    0.9801        76
           4     1.0000    1.0000    1.0000        54
           5     0.9778    0.9670    0.9724        91
           6     0.9628    0.9764    0.9696       212
           7     0.9709    0.9804    0.9756       102

    accuracy                         0.9754       733
   macro avg     0.9764    0.9721    0.9742       733
weighted avg     0.9756    0.9754    0.9755       733
