              precision    recall  f1-score   support

           0     1.0000    1.0000    1.0000        37
           1     1.0000    0.9643    0.9818        28
           2     0.9852    1.0000    0.9925       133
           3     1.0000    1.0000    1.0000        76
           4     1.0000    1.0000    1.0000        54
           5     0.9889    0.9780    0.9834        91
           6     0.9953    0.9906    0.9929       212
           7     0.9903    1.0000    0.9951       102

    accuracy                         0.9932       733
   macro avg     0.9950    0.9916    0.9932       733
weighted avg     0.9932    0.9932    0.9932       733
