              precision    recall  f1-score   support

           0     0.8182    0.7297    0.7714        37
           1     1.0000    0.0714    0.1333        28
           2     0.8252    0.8872    0.8551       133
           3     0.8250    0.8684    0.8462        76
           4     0.8000    0.5926    0.6809        54
           5     0.7952    0.7253    0.7586        91
           6     0.7407    0.9434    0.8299       212
           7     0.8902    0.7157    0.7935       102

    accuracy                         0.7967       733
   macro avg     0.8368    0.6917    0.7086       733
weighted avg     0.8105    0.7967    0.7817       733
