              precision    recall  f1-score   support

           0     1.0000    1.0000    1.0000        37
           1     1.0000    0.8929    0.9434        28
           2     0.9925    0.9925    0.9925       133
           3     1.0000    1.0000    1.0000        76
           4     0.9815    0.9815    0.9815        54
           5     0.9667    0.9560    0.9613        91
           6     0.9721    0.9858    0.9789       212
           7     0.9709    0.9804    0.9756       102

    accuracy                         0.9809       733
   macro avg     0.9854    0.9736    0.9792       733
weighted avg     0.9810    0.9809    0.9808       733
