              precision    recall  f1-score   support

           0     1.0000    0.9730    0.9863        37
           1     1.0000    0.8929    0.9434        28
           2     0.9851    0.9925    0.9888       133
           3     0.9610    0.9737    0.9673        76
           4     1.0000    0.9630    0.9811        54
           5     0.9667    0.9560    0.9613        91
           6     0.9635    0.9953    0.9791       212
           7     0.9700    0.9510    0.9604       102

    accuracy                         0.9741       733
   macro avg     0.9808    0.9622    0.9710       733
weighted avg     0.9744    0.9741    0.9740       733
