              precision    recall  f1-score   support

           0     1.0000    1.0000    1.0000        37
           1     1.0000    0.9643    0.9818        28
           2     0.9925    1.0000    0.9963       133
           3     0.9868    0.9868    0.9868        76
           4     0.9815    0.9815    0.9815        54
           5     0.9780    0.9780    0.9780        91
           6     0.9907    1.0000    0.9953       212
           7     1.0000    0.9804    0.9901       102

    accuracy                         0.9905       733
   macro avg     0.9912    0.9864    0.9887       733
weighted avg     0.9905    0.9905    0.9904       733
