              precision    recall  f1-score   support

           0     1.0000    0.9730    0.9863        37
           1     0.9655    1.0000    0.9825        28
           2     0.9848    0.9774    0.9811       133
           3     0.9744    1.0000    0.9870        76
           4     1.0000    0.9815    0.9907        54
           5     0.9670    0.9670    0.9670        91
           6     0.9766    0.9858    0.9812       212
           7     0.9900    0.9706    0.9802       102

    accuracy                         0.9809       733
   macro avg     0.9823    0.9819    0.9820       733
weighted avg     0.9810    0.9809    0.9809       733
