              precision    recall  f1-score   support

           0     1.0000    0.9730    0.9863        37
           1     1.0000    0.9286    0.9630        28
           2     0.9925    0.9925    0.9925       133
           3     0.9870    1.0000    0.9935        76
           4     1.0000    1.0000    1.0000        54
           5     0.9890    0.9890    0.9890        91
           6     0.9859    0.9906    0.9882       212
           7     0.9903    1.0000    0.9951       102

    accuracy                         0.9905       733
   macro avg     0.9931    0.9842    0.9884       733
weighted avg     0.9905    0.9905    0.9904       733
