              precision    recall  f1-score   support

           0     0.9000    0.9730    0.9351        37
           1     0.9474    0.6429    0.7660        28
           2     0.9587    0.8722    0.9134       133
           3     0.9437    0.8816    0.9116        76
           4     0.5714    0.8889    0.6957        54
           5     0.8462    0.8462    0.8462        91
           6     0.9378    0.9245    0.9311       212
           7     0.9592    0.9216    0.9400       102

    accuracy                         0.8895       733
   macro avg     0.8830    0.8688    0.8674       733
weighted avg     0.9053    0.8895    0.8931       733
