              precision    recall  f1-score   support

           0     1.0000    1.0000    1.0000        37
           1     1.0000    0.9643    0.9818        28
           2     0.9852    1.0000    0.9925       133
           3     1.0000    1.0000    1.0000        76
           4     1.0000    0.9815    0.9907        54
           5     1.0000    0.9890    0.9945        91
           6     0.9953    1.0000    0.9976       212
           7     1.0000    1.0000    1.0000       102

    accuracy                         0.9959       733
   macro avg     0.9976    0.9918    0.9946       733
weighted avg     0.9960    0.9959    0.9959       733
